   2.7142024e+02
   2.5065467e+02
   8.6201208e+01
   8.6201208e+01
   8.6201208e+01
   8.6201208e+01
   8.6201208e+01
   8.6201208e+01
   8.5988600e+01
   8.5988600e+01
   8.5967360e+01
   8.5967360e+01
   8.5967360e+01
   8.5967360e+01
   8.5967360e+01
   8.5943163e+01
   8.5943163e+01
   8.5943163e+01
   8.5943163e+01
   8.5943163e+01
   8.5943163e+01
   8.5943163e+01
   8.5943163e+01
   8.5943163e+01
   8.5943163e+01
   8.5855817e+01
   8.5855817e+01
   8.5855817e+01
   8.5855817e+01
   8.5855817e+01
   8.5855817e+01
   8.5855817e+01
   8.5855817e+01
   8.5855817e+01
   8.5842007e+01
   8.5842007e+01
   8.5842007e+01
   8.5842007e+01
   8.5723632e+01
   8.5723632e+01
   8.5723632e+01
   8.5723632e+01
   8.5723632e+01
   8.5701350e+01
   8.5701350e+01
   8.5701350e+01
   8.5696122e+01
   8.5696122e+01
   8.5696122e+01
   8.5662611e+01
   8.5387084e+01
   8.4772076e+01
   8.3668561e+01
   7.9965107e+01
   7.9416180e+01
   7.9416180e+01
   7.9416180e+01
   7.9095545e+01
   7.8406831e+01
   6.4557754e+01
   4.8558917e+01
   3.7458143e+01
   3.7458143e+01
   3.2063015e+01
   3.2000580e+01
   3.2000580e+01
   3.2000580e+01
   3.0666449e+01
   3.0666449e+01
   3.0666449e+01
   3.0666449e+01
   3.0666449e+01
   3.0666449e+01
   3.0666449e+01
   3.0666449e+01
   3.0146593e+01
   3.0146593e+01
   3.0146593e+01
   2.9384304e+01
   2.6721261e+01
   2.6721261e+01
   2.6721261e+01
   2.6386995e+01
   2.6386995e+01
   2.5941995e+01
   2.5941995e+01
   2.5941995e+01
   2.5941995e+01
   2.5941995e+01
   2.5941995e+01
   2.5941995e+01
   2.5935126e+01
   2.5935126e+01
   2.5935126e+01
   2.5935126e+01
   2.5935126e+01
   2.5928448e+01
   2.5925273e+01
   2.5901517e+01
   2.5887836e+01
   2.5887836e+01
   2.5887836e+01
   2.5887836e+01
   2.5887836e+01
   2.5887836e+01
   2.5887836e+01
   2.5887836e+01
   2.5887096e+01
   2.5830332e+01
   2.5616517e+01
   2.4970918e+01
   2.0664623e+01
   2.0037259e+01
   1.5220278e+01
   1.5220278e+01
   1.4849793e+01
   1.4568224e+01
   9.6115431e+00
   8.7639437e+00
   8.7639437e+00
   8.7639437e+00
   8.2363171e+00
   8.2363171e+00
   8.2363171e+00
   8.2363171e+00
   7.5856851e+00
   7.5856851e+00
   7.5207821e+00
   7.5207821e+00
   7.5207821e+00
   7.5207821e+00
   7.5207821e+00
   7.5207821e+00
   7.4654022e+00
   7.4654022e+00
   7.4654022e+00
   7.4654022e+00
   7.4637411e+00
   7.4637411e+00
   7.4629185e+00
   7.4606521e+00
   7.4606521e+00
   7.4606521e+00
   7.4606521e+00
   7.4588391e+00
   7.4588391e+00
   7.4588391e+00
   7.4588391e+00
   7.4586314e+00
   7.4584637e+00
   7.4583693e+00
   7.4583619e+00
   7.4583619e+00
   7.4583619e+00
   7.4583595e+00
   7.4583195e+00
   7.4583144e+00
   7.4583144e+00
   7.4583140e+00
   7.4583130e+00
   7.4583130e+00
   7.4583126e+00
   7.4583126e+00
   7.4583119e+00
   7.4583119e+00
   7.4583114e+00
   7.4583105e+00
   7.4583103e+00
   7.4583103e+00
   7.4583101e+00
   7.4583100e+00
   7.4583099e+00
   7.4583098e+00
   7.4583098e+00
   7.4583098e+00
   7.4583098e+00
   7.4583098e+00
   7.4583097e+00
   7.4583097e+00
   7.4583097e+00
   7.4583097e+00
   7.4583097e+00
   7.4583097e+00
   7.4583097e+00
   7.4583097e+00
   7.4583097e+00
   7.4583097e+00
   7.4583097e+00
   7.4583097e+00
   7.4583097e+00
   7.4583097e+00
   7.4583097e+00
   7.4583097e+00
   7.4583097e+00
   7.4583097e+00
   7.4583097e+00
   7.4583097e+00
   7.4583097e+00
   7.4583097e+00
   7.4583097e+00
   7.4583097e+00
   7.4583097e+00
   7.4583097e+00
   7.4583097e+00
   7.4583097e+00
   7.4583097e+00
   7.4583097e+00
   7.4583097e+00
   7.4583097e+00
   7.4583097e+00
   7.4583097e+00
   7.4583097e+00
   7.4583097e+00
   7.4583097e+00
   7.4583097e+00
   7.4583097e+00
   7.4583097e+00
   7.4583097e+00
   7.4583097e+00
   7.4583097e+00
   7.4583097e+00
   7.4583097e+00
   7.4583097e+00
   7.4583097e+00
   7.4583097e+00
   7.4583097e+00
   7.4583097e+00
   7.4583097e+00
   7.4583097e+00
   7.4583097e+00
   7.4583097e+00
   7.4583097e+00
   7.4583097e+00
   7.4583097e+00
   7.4583097e+00
   7.4583097e+00
   7.4583097e+00
   7.4583097e+00
   7.4583097e+00
   7.4583097e+00
   7.4583097e+00
   7.4583097e+00
   7.4583097e+00
   7.4583097e+00
   7.4583097e+00
   7.4583097e+00
   7.4583097e+00
   7.4583097e+00
   7.4583097e+00
   7.4583097e+00
   7.4583097e+00
   7.4583097e+00
   7.4583097e+00
   7.4583097e+00
   7.4583097e+00
   7.4583097e+00
   7.4583097e+00
   7.4583097e+00
   7.4583097e+00
   7.4583097e+00
   7.4583097e+00
   7.4583097e+00
   7.4583097e+00
   7.4583097e+00
   7.4583097e+00
   7.4583097e+00
   7.4583097e+00
   7.4583097e+00
   7.4583097e+00
   7.4583097e+00
   7.4583097e+00
   7.4583097e+00
   7.4583097e+00
   7.4583097e+00
   7.4583097e+00
   7.4583097e+00
   7.4583097e+00
   7.4583097e+00
   7.4583097e+00
   7.4583097e+00
   7.4583097e+00
   7.4583097e+00
   7.4583097e+00
   7.4583097e+00
   7.4583097e+00
   7.4583097e+00
   7.4583097e+00
   7.4583097e+00
   7.4583097e+00
   7.4583097e+00
   7.4583097e+00
   7.4583097e+00
   7.4583097e+00
   7.4583097e+00
   7.4583097e+00
   7.4583097e+00
   7.4583097e+00
   7.4583097e+00
   7.4583097e+00
   7.4583097e+00
