   3.0218657e+02
   2.8898545e+02
   1.5275959e+02
   1.5262909e+02
   1.5257065e+02
   1.5257065e+02
   1.5257065e+02
   1.5257065e+02
   1.5257065e+02
   1.5231038e+02
   1.5231038e+02
   1.5216632e+02
   1.5216632e+02
   1.5216632e+02
   1.5216632e+02
   1.5216632e+02
   1.5214118e+02
   1.5165746e+02
   1.5156949e+02
   1.4996947e+02
   1.4774165e+02
   1.4177207e+02
   1.1238938e+02
   9.1236027e+01
   4.6409405e+01
   4.6409405e+01
   4.6398273e+01
   4.6398273e+01
   4.5871587e+01
   4.5871587e+01
   4.5750209e+01
   4.5750209e+01
   4.5750209e+01
   4.5750209e+01
   4.5750209e+01
   4.5750209e+01
   4.5750209e+01
   4.5750209e+01
   4.5750209e+01
   4.5750209e+01
   4.5750209e+01
   4.5750209e+01
   4.5750209e+01
   4.5750209e+01
   4.5750209e+01
   4.5750209e+01
   4.5681306e+01
   4.5681306e+01
   4.5681306e+01
   4.5663935e+01
   4.5663935e+01
   4.5663935e+01
   4.5647951e+01
   4.5612366e+01
   4.5576101e+01
   4.5497415e+01
   4.5385077e+01
   4.5064663e+01
   4.4792280e+01
   4.4573907e+01
   4.4060685e+01
   4.2145193e+01
   3.2411947e+01
   2.1117537e+01
   1.0573582e+01
   1.0573582e+01
   1.0573582e+01
   1.0471045e+01
   4.8587174e+00
   4.8587174e+00
   4.8587174e+00
   4.8587174e+00
   4.8587174e+00
   4.2598012e+00
   4.2598012e+00
   4.2598012e+00
   4.2598012e+00
   4.2598012e+00
   4.2598012e+00
   4.2598012e+00
   4.2202975e+00
   4.2202975e+00
   4.2202975e+00
   4.2202975e+00
   4.2202975e+00
   4.1940272e+00
   3.9046518e+00
   3.9046518e+00
   3.5333790e+00
   3.5333790e+00
   3.2571618e+00
   3.2571618e+00
   3.2571618e+00
   3.1037793e+00
   3.0935735e+00
   1.7281938e+00
   6.4259260e-01
   6.4259260e-01
   6.1445570e-01
   6.1445570e-01
   6.1445570e-01
   6.1445570e-01
   6.1445570e-01
   6.1445570e-01
   6.1445570e-01
   6.1445570e-01
   6.1445570e-01
   6.1445570e-01
   6.1445570e-01
   5.6371322e-01
   4.4941199e-01
   2.2533365e-01
   2.2533365e-01
   2.2533365e-01
   2.2533365e-01
   2.2533365e-01
   2.2533365e-01
   2.2533365e-01
   2.2533365e-01
   2.2533365e-01
   2.2533365e-01
   1.9778169e-01
   1.9778169e-01
   1.9778169e-01
   1.9778169e-01
   1.8619388e-01
   1.8619388e-01
   1.8214872e-01
   1.8118841e-01
   1.8118841e-01
   1.7981567e-01
   1.7981567e-01
   1.7981567e-01
   1.7510628e-01
   1.6962395e-01
   1.4381305e-01
   1.4381305e-01
   1.4381305e-01
   1.4381305e-01
   1.4381305e-01
   1.3927228e-01
   1.3910259e-01
   1.3815155e-01
   1.3792419e-01
   1.3628442e-01
   1.3628442e-01
   1.3628442e-01
   1.3413421e-01
   1.3399177e-01
   1.2812839e-01
   1.2812839e-01
   1.2634946e-01
   1.2199044e-01
   1.2132747e-01
   1.1943534e-01
   1.1909157e-01
   1.1222746e-01
   1.1023165e-01
   1.0546488e-01
   1.0043615e-01
   9.6855531e-02
   9.3425718e-02
   8.9228244e-02
   8.6719999e-02
   8.0681162e-02
   7.7322310e-02
   7.0991542e-02
   6.9876042e-02
   6.0360153e-02
   5.5967245e-02
   5.3737480e-02
   4.9760588e-02
   4.9760588e-02
   4.4321695e-02
   4.2664289e-02
   4.2299047e-02
   3.8907332e-02
   3.7076822e-02
   3.1771918e-02
   2.8487022e-02
   2.8487022e-02
   2.1399722e-02
   1.9752431e-02
   1.7705912e-02
   1.7705912e-02
   1.7705912e-02
   1.5265666e-02
   1.3617004e-02
   1.1457714e-02
   1.1457714e-02
   8.7499031e-03
   7.0682899e-03
   5.9781542e-03
   5.7833441e-03
   5.7833441e-03
   5.7833441e-03
   5.6678406e-03
   5.5819409e-03
   4.9262869e-03
   4.9262869e-03
   4.9262869e-03
   4.8313089e-03
   4.8313089e-03
   4.8313089e-03
   4.6347104e-03
   4.6347104e-03
   4.6169097e-03
   4.2980578e-03
   4.2126274e-03
   4.1716165e-03
   4.1255491e-03
   4.0199637e-03
   3.6881337e-03
   3.0545652e-03
   2.4296385e-03
   2.1118354e-03
   1.7645259e-03
   1.6950285e-03
   1.6950285e-03
   1.5527299e-03
   1.3825851e-03
   1.3288469e-03
   1.2047055e-03
   1.2047055e-03
   1.1640494e-03
   1.1243834e-03
   1.0819128e-03
   1.0121008e-03
   9.2922745e-04
   7.7235038e-04
   7.2066748e-04
   6.2515624e-04
   5.8875196e-04
   5.8875196e-04
   5.8875196e-04
   5.1366963e-04
   4.6739546e-04
   4.1349156e-04
   3.9702523e-04
   2.9243485e-04
   2.8929713e-04
   2.6249862e-04
   2.2282690e-04
   2.1803853e-04
   2.0535546e-04
   2.0328068e-04
   1.9991932e-04
   1.9713257e-04
   1.9647129e-04
   1.9274810e-04
   1.6512834e-04
   1.5090527e-04
   1.5090527e-04
   1.3864499e-04
   1.3006211e-04
   1.2133685e-04
   1.1617594e-04
   1.1481453e-04
   1.1414496e-04
   1.1332176e-04
   1.1229037e-04
   1.0897191e-04
   1.0456991e-04
   1.0456991e-04
   1.0017004e-04
   9.2742646e-05
   8.9690592e-05
   7.9421112e-05
   7.5910232e-05
   7.3717141e-05
   7.1720519e-05
   6.9752317e-05
   6.2670488e-05
   5.6860199e-05
   4.8800916e-05
   4.8800916e-05
   4.5724916e-05
   4.4562589e-05
   4.0530412e-05
   3.9086884e-05
   3.6796193e-05
   3.2449633e-05
   3.0730359e-05
   2.8825913e-05
   2.8132256e-05
   2.8080252e-05
   2.7486257e-05
   2.6703810e-05
   2.5033597e-05
   1.2915966e-05
   1.2915966e-05
   1.2915966e-05
   1.2915966e-05
   5.5714233e-06
   5.1639485e-06
   5.1609080e-06
   5.1133144e-06
   4.8679695e-06
   4.8454412e-06
   4.8276531e-06
