   2.7035852e+02
   2.7033698e+02
   2.7027239e+02
   2.6958903e+02
   2.6590792e+02
   2.2527254e+02
   8.5166703e+01
   8.5166703e+01
   8.5166703e+01
   8.4582991e+01
   8.4582991e+01
   8.4582991e+01
   8.4582991e+01
   8.4582991e+01
   8.4582991e+01
   8.4582991e+01
   8.4582991e+01
   8.4160570e+01
   8.4160570e+01
   8.4146782e+01
   8.4143551e+01
   8.4143551e+01
   8.3658350e+01
   8.3611774e+01
   8.3611774e+01
   8.3611774e+01
   8.3611774e+01
   8.3611774e+01
   8.3611774e+01
   8.3611774e+01
   8.3456121e+01
   8.3456121e+01
   8.3456121e+01
   8.3415268e+01
   8.3395701e+01
   8.3395701e+01
   8.3395701e+01
   8.3395701e+01
   8.3395701e+01
   8.3395701e+01
   8.3377424e+01
   8.3362700e+01
   8.3362700e+01
   8.3261872e+01
   8.3221535e+01
   8.3019673e+01
   8.3001492e+01
   8.2960949e+01
   8.2616213e+01
   8.2384250e+01
   8.1626072e+01
   7.9283840e+01
   7.7064286e+01
   7.7032120e+01
   7.6959617e+01
   7.6831030e+01
   7.6420748e+01
   7.6104015e+01
   7.5135840e+01
   7.0892883e+01
   6.4565910e+01
   6.0693536e+01
   5.4602723e+01
   4.7572600e+01
   3.3328312e+01
   2.3693033e+01
   2.3693033e+01
   2.3693033e+01
   2.3693033e+01
   2.3693033e+01
   2.3693033e+01
   2.3693033e+01
   2.3437948e+01
   2.3437948e+01
   2.3437948e+01
   2.3299640e+01
   2.3299640e+01
   2.3267064e+01
   2.3259010e+01
   2.3259010e+01
   2.3182721e+01
   2.3182721e+01
   2.3182721e+01
   2.3182721e+01
   2.3178335e+01
   2.3165704e+01
   2.3165704e+01
   2.3134889e+01
   2.3132089e+01
   2.3024400e+01
   2.2972184e+01
   2.2703360e+01
   2.2404338e+01
   2.1758913e+01
   2.0596956e+01
   1.7117976e+01
   8.8209588e+00
   2.3082139e+00
   2.3082139e+00
   2.3082139e+00
   1.1581507e+00
   1.1581507e+00
   1.1581507e+00
   8.1445358e-01
   8.1445358e-01
   8.1445358e-01
   8.1445358e-01
   7.5108333e-01
   7.5108333e-01
   4.7261382e-01
   4.7261382e-01
   4.7261382e-01
   3.2761720e-01
   3.2761720e-01
   2.6056184e-01
   2.6051131e-01
   2.5459588e-01
   2.0821121e-01
   2.0400674e-01
   1.1485397e-01
   6.3496591e-02
   6.3496591e-02
   4.7132474e-02
   4.5621612e-02
   3.2994699e-02
   2.6057019e-02
   2.6057019e-02
   2.4069219e-02
   2.3007097e-02
   2.3007097e-02
   2.3007097e-02
   2.0485170e-02
   1.9282245e-02
   1.2541272e-02
   1.2541272e-02
   8.2516464e-03
   5.5638458e-03
   2.3974248e-03
   2.3974248e-03
   2.3974248e-03
   9.8149667e-04
   7.0070441e-04
   7.0070441e-04
   7.0070441e-04
   4.7596093e-04
   4.7596093e-04
   4.7596093e-04
   4.4712618e-04
   4.4712618e-04
   3.3411304e-04
   2.9673191e-04
   2.9129151e-04
   2.2629337e-04
   1.8110780e-04
   1.4721474e-04
   1.4527456e-04
   1.1754647e-04
   7.3317718e-05
   6.3426173e-05
   6.3426173e-05
   3.1926423e-05
   2.8116064e-05
   2.4158650e-05
   1.7810574e-05
   1.3736903e-05
   1.1085954e-05
   1.1085954e-05
   4.7343279e-06
   4.7343279e-06
   4.7343279e-06
   4.7343279e-06
   4.4184395e-06
   4.1735760e-06
   4.1735760e-06
   3.2912433e-06
   3.2573521e-06
   2.7577894e-06
   7.8594648e-07
   7.8594648e-07
   4.3795683e-07
   4.3795683e-07
   4.3795683e-07
   4.1085272e-07
   4.1085272e-07
   4.0509617e-07
   3.5157920e-07
   3.4085301e-07
   2.2999969e-07
   1.7097014e-07
   1.1522006e-07
   1.0708369e-07
   1.0528636e-07
   9.7247290e-08
   6.8509422e-08
   5.5554109e-08
   3.6385000e-08
   1.9683116e-08
   1.4971635e-08
   8.7298610e-09
   7.5990398e-09
   4.5932606e-09
   3.9358194e-09
   2.3667510e-09
   1.8874190e-09
   1.8132988e-09
   1.8132988e-09
   1.4702566e-09
   1.4101337e-09
   1.1550461e-09
   1.0724509e-09
   9.4654789e-10
   8.4394082e-10
   7.0096790e-10
   4.0560954e-10
   1.3167069e-10
   1.0542517e-10
   7.9097549e-11
   7.1220881e-11
   5.5159581e-11
   4.7871911e-11
   3.8586140e-11
   3.7553077e-11
   3.0363267e-11
   2.4196241e-11
   1.7164713e-11
   1.5192742e-11
   1.2131288e-11
   9.7652119e-12
   6.0404726e-12
   4.4584007e-12
   3.0494223e-12
   1.8222434e-12
   1.5526172e-12
   1.1454758e-12
   1.1454758e-12
   9.2249334e-13
   7.3727904e-13
   6.6958934e-13
   3.6187031e-13
   2.5658059e-13
   2.0745004e-13
   1.1749832e-13
   7.6651393e-14
   5.7127205e-14
   3.6012322e-14
   2.8366144e-14
   2.8366144e-14
   1.4648214e-14
   1.4648214e-14
   1.4648214e-14
   1.4648214e-14
   1.4648214e-14
   1.4648214e-14
   1.4648214e-14
   1.4648214e-14
   1.4648214e-14
   1.4648214e-14
   1.4648214e-14
   1.4648214e-14
   1.4648214e-14
   1.4648214e-14
   1.4648214e-14
   1.4648214e-14
   1.4648214e-14
   1.4648214e-14
   1.4648214e-14
   1.4648214e-14
   1.4648214e-14
   1.4648214e-14
   1.4648214e-14
   1.4648214e-14
   1.4648214e-14
   1.4648214e-14
   1.4648214e-14
   1.4648214e-14
   1.4648214e-14
   1.4648214e-14
   1.4648214e-14
   1.4648214e-14
   1.4648214e-14
   1.4648214e-14
   1.4648214e-14
   1.4648214e-14
   1.4648214e-14
   1.4648214e-14
   1.4648214e-14
   1.4648214e-14
   1.4648214e-14
   1.4648214e-14
   1.4648214e-14
   1.4648214e-14
   1.4648214e-14
   1.4648214e-14
   1.4648214e-14
   1.4648214e-14
   1.4648214e-14
   1.4648214e-14
   1.4648214e-14
   1.4648214e-14
   1.4648214e-14
