   2.6469243e+02
   2.6402425e+02
   8.9989652e+01
   8.7757647e+01
   8.6774221e+01
   8.6774221e+01
   8.6633129e+01
   8.6633129e+01
   8.6289004e+01
   8.6289004e+01
   8.6289004e+01
   8.6289004e+01
   8.6157046e+01
   8.6034613e+01
   8.6034613e+01
   8.6034613e+01
   8.6034613e+01
   8.6034613e+01
   8.6034613e+01
   8.6034613e+01
   8.6034613e+01
   8.5918197e+01
   8.5918197e+01
   8.5918197e+01
   8.5918197e+01
   8.5918197e+01
   8.5918197e+01
   8.5918197e+01
   8.5918197e+01
   8.5918197e+01
   8.5710900e+01
   8.5710900e+01
   8.5703388e+01
   8.5703388e+01
   8.5698752e+01
   8.5698752e+01
   8.5689497e+01
   8.4773452e+01
   8.4773452e+01
   8.4012886e+01
   8.1902729e+01
   8.0862767e+01
   7.9842701e+01
   7.6364635e+01
   7.3994479e+01
   6.4353960e+01
   5.5694543e+01
   5.5694543e+01
   5.5694543e+01
   5.5694543e+01
   5.5694543e+01
   5.5694543e+01
   5.5694543e+01
   5.5694543e+01
   5.5694543e+01
   5.5694543e+01
   5.4609760e+01
   5.4609760e+01
   5.4559620e+01
   5.4559620e+01
   5.4559620e+01
   5.3789019e+01
   5.3789019e+01
   5.3789019e+01
   5.3789019e+01
   5.3789019e+01
   5.1828347e+01
   5.1620146e+01
   5.1620146e+01
   5.1620146e+01
   5.1620146e+01
   5.1620146e+01
   5.1620146e+01
   5.1620146e+01
   5.1620146e+01
   5.1620146e+01
   5.1620146e+01
   5.1620146e+01
   5.0821281e+01
   4.9913576e+01
   4.7190316e+01
   4.4545368e+01
   3.1239213e+01
   2.0239526e+01
   2.0239526e+01
   1.7071178e+01
   1.4199225e+01
   1.4199225e+01
   1.4171073e+01
   1.3843749e+01
   1.3470454e+01
   1.3470454e+01
   1.3470454e+01
   1.3470454e+01
   1.3470454e+01
   1.3470454e+01
   1.3470454e+01
   1.3470454e+01
   1.3260440e+01
   1.2956062e+01
   1.1214044e+01
   9.1765539e+00
   8.7662601e+00
   8.7662601e+00
   8.7662601e+00
   8.7134664e+00
   8.0340450e+00
   8.0340450e+00
   7.5662345e+00
   7.5662345e+00
   7.3218792e+00
   7.3218792e+00
   7.3218792e+00
   7.2333198e+00
   7.2127161e+00
   7.1224599e+00
   7.0982236e+00
   7.0982236e+00
   7.0579527e+00
   6.9970668e+00
   6.9970668e+00
   6.9970668e+00
   6.9745264e+00
   6.9745264e+00
   6.9490903e+00
   6.9490903e+00
   6.9260040e+00
   6.9260040e+00
   6.9217561e+00
   6.8675190e+00
   6.8532709e+00
   6.8532709e+00
   6.8532709e+00
   6.8475038e+00
   6.8469899e+00
   6.8464015e+00
   6.8464015e+00
   6.8464015e+00
   6.8457907e+00
   6.8457907e+00
   6.8450395e+00
   6.8450395e+00
   6.8450395e+00
   6.8446183e+00
   6.8444225e+00
   6.8443616e+00
   6.8442481e+00
   6.8440412e+00
   6.8439861e+00
   6.8439008e+00
   6.8439008e+00
   6.8438898e+00
   6.8436563e+00
   6.8436563e+00
   6.8436562e+00
   6.8436281e+00
   6.8436281e+00
   6.8436281e+00
   6.8436281e+00
   6.8436268e+00
   6.8436234e+00
   6.8436234e+00
   6.8436222e+00
   6.8436222e+00
   6.8436222e+00
   6.8436222e+00
   6.8436222e+00
   6.8436222e+00
   6.8436215e+00
   6.8436196e+00
   6.8436186e+00
   6.8436181e+00
   6.8436177e+00
   6.8436176e+00
   6.8436175e+00
   6.8436175e+00
   6.8436174e+00
   6.8436174e+00
   6.8436174e+00
   6.8436174e+00
   6.8436174e+00
   6.8436174e+00
   6.8436174e+00
   6.8436174e+00
   6.8436174e+00
   6.8436174e+00
   6.8436174e+00
   6.8436174e+00
   6.8436174e+00
   6.8436174e+00
   6.8436174e+00
   6.8436174e+00
   6.8436174e+00
   6.8436174e+00
   6.8436174e+00
   6.8436174e+00
   6.8436174e+00
   6.8436174e+00
   6.8436174e+00
   6.8436174e+00
   6.8436174e+00
   6.8436174e+00
   6.8436174e+00
   6.8436174e+00
   6.8436174e+00
   6.8436174e+00
   6.8436174e+00
   6.8436174e+00
   6.8436174e+00
   6.8436174e+00
   6.8436174e+00
   6.8436174e+00
   6.8436174e+00
   6.8436174e+00
   6.8436174e+00
   6.8436174e+00
   6.8436174e+00
   6.8436174e+00
   6.8436174e+00
   6.8436174e+00
   6.8436174e+00
   6.8436174e+00
   6.8436174e+00
   6.8436174e+00
   6.8436174e+00
   6.8436174e+00
   6.8436174e+00
   6.8436174e+00
   6.8436174e+00
   6.8436174e+00
   6.8436174e+00
   6.8436174e+00
   6.8436174e+00
   6.8436174e+00
   6.8436174e+00
   6.8436174e+00
   6.8436174e+00
   6.8436174e+00
   6.8436174e+00
   6.8436174e+00
   6.8436174e+00
   6.8436174e+00
   6.8436174e+00
   6.8436174e+00
   6.8436174e+00
   6.8436174e+00
   6.8436174e+00
   6.8436174e+00
   6.8436174e+00
   6.8436174e+00
   6.8436174e+00
   6.8436174e+00
   6.8436174e+00
   6.8436174e+00
   6.8436174e+00
   6.8436174e+00
   6.8436174e+00
   6.8436174e+00
   6.8436174e+00
   6.8436174e+00
   6.8436174e+00
   6.8436174e+00
   6.8436174e+00
   6.8436174e+00
   6.8436174e+00
   6.8436174e+00
   6.8436174e+00
   6.8436174e+00
   6.8436174e+00
   6.8436174e+00
   6.8436174e+00
   6.8436174e+00
   6.8436174e+00
   6.8436174e+00
   6.8436174e+00
   6.8436174e+00
   6.8436174e+00
   6.8436174e+00
   6.8436174e+00
   6.8436174e+00
   6.8436174e+00
   6.8436174e+00
   6.8436174e+00
   6.8436174e+00
   6.8436174e+00
   6.8436174e+00
   6.8436174e+00
   6.8436174e+00
   6.8436174e+00
   6.8436174e+00
   6.8436174e+00
   6.8436174e+00
   6.8436174e+00
   6.8436174e+00
   6.8436174e+00
   6.8436174e+00
   6.8436174e+00
   6.8436174e+00
   6.8436174e+00
   6.8436174e+00
