   2.6392507e+02
   2.6278811e+02
   8.4615795e+01
   8.4543749e+01
   8.4543749e+01
   8.4543749e+01
   8.4543749e+01
   8.4543749e+01
   8.4433293e+01
   8.4433293e+01
   8.4433293e+01
   8.4433293e+01
   8.4433293e+01
   8.4433293e+01
   8.4433293e+01
   8.4409791e+01
   8.4409791e+01
   8.4409791e+01
   8.4409791e+01
   8.4409791e+01
   8.4409791e+01
   8.4409791e+01
   8.4409791e+01
   8.4409791e+01
   8.4409791e+01
   8.4409791e+01
   8.4409791e+01
   8.4409791e+01
   8.4409791e+01
   8.4409791e+01
   8.4409791e+01
   8.4409791e+01
   8.4409791e+01
   8.4409791e+01
   8.4409791e+01
   8.4409791e+01
   8.4409791e+01
   8.4409791e+01
   8.4409791e+01
   8.4409791e+01
   8.4396856e+01
   8.4396856e+01
   8.4396856e+01
   8.4396856e+01
   8.4396856e+01
   8.4396856e+01
   8.4396856e+01
   8.4396856e+01
   8.4390787e+01
   8.4313746e+01
   8.4147862e+01
   8.4065239e+01
   8.3898567e+01
   8.3667418e+01
   8.3466337e+01
   8.1804266e+01
   7.9580796e+01
   7.9580796e+01
   7.9510520e+01
   7.9468066e+01
   7.9137438e+01
   7.8099038e+01
   7.7129916e+01
   7.4592201e+01
   5.9182750e+01
   5.9182750e+01
   5.9182750e+01
   5.9182750e+01
   5.9182750e+01
   5.3652966e+01
   5.2261558e+01
   5.2261558e+01
   5.2261558e+01
   5.2261558e+01
   5.0129602e+01
   5.0129602e+01
   5.0129602e+01
   5.0129602e+01
   5.0129602e+01
   5.0129602e+01
   4.9766710e+01
   4.9766710e+01
   4.9766710e+01
   4.7838033e+01
   4.1909484e+01
   3.1522260e+01
   1.2865970e+01
   1.2865970e+01
   1.2865970e+01
   1.1277874e+01
   1.1277874e+01
   1.1277874e+01
   1.1277874e+01
   1.1277874e+01
   1.1277874e+01
   1.1277874e+01
   1.0559273e+01
   1.0559273e+01
   1.0559273e+01
   1.0559273e+01
   6.2390633e+00
   6.2390633e+00
   5.3192871e+00
   5.3192871e+00
   5.3192871e+00
   4.7650845e+00
   4.7650845e+00
   4.7650845e+00
   4.7650845e+00
   2.8819989e+00
   2.8819989e+00
   2.7548291e+00
   2.7548291e+00
   2.7548291e+00
   2.7548291e+00
   2.7548291e+00
   2.6013584e+00
   2.3492237e+00
   2.2344074e+00
   1.8701235e+00
   1.7434751e+00
   1.6823544e+00
   1.2929336e+00
   1.2929336e+00
   1.2481072e+00
   1.2481072e+00
   1.2481072e+00
   1.2481072e+00
   1.2009351e+00
   1.1495195e+00
   1.1495195e+00
   1.1495195e+00
   1.0955160e+00
   1.0955160e+00
   9.3786928e-01
   9.3786928e-01
   9.0092173e-01
   9.0092173e-01
   7.1442708e-01
   7.1442708e-01
   6.6991485e-01
   5.7040905e-01
   4.7371357e-01
   4.7371357e-01
   3.7944276e-01
   3.7299977e-01
   2.8291006e-01
   2.4011216e-01
   2.1514983e-01
   1.3095541e-01
   1.3095541e-01
   9.9248236e-02
   7.9615973e-02
   6.4981719e-02
   6.4981719e-02
   6.4981719e-02
   5.9318857e-02
   5.9318857e-02
   4.1993805e-02
   4.1993805e-02
   3.6196488e-02
   3.2365899e-02
   3.2365899e-02
   3.2365899e-02
   3.0258363e-02
   2.1696381e-02
   1.9965718e-02
   8.9934542e-03
   8.9934542e-03
   8.9934542e-03
   8.9934542e-03
   7.1182329e-03
   7.1182329e-03
   4.2487357e-03
   4.2487357e-03
   4.2487357e-03
   4.2487357e-03
   3.1347054e-03
   2.2348967e-03
   1.2460950e-03
   1.2460950e-03
   1.2460950e-03
   6.5593578e-04
   6.5593578e-04
   6.5593578e-04
   6.5051106e-04
   6.5051106e-04
   5.8688568e-04
   5.8688568e-04
   5.2372581e-04
   5.0973782e-04
   4.8617756e-04
   4.7198945e-04
   4.7198945e-04
   4.5552956e-04
   4.4881784e-04
   4.0733990e-04
   3.8450465e-04
   3.3151458e-04
   2.7284821e-04
   2.5790179e-04
   2.4821380e-04
   1.9490089e-04
   1.8016426e-04
   1.2746919e-04
   9.2324338e-05
   6.1818472e-05
   5.6951858e-05
   5.2885410e-05
   3.8051298e-05
   3.7988099e-05
   3.7988099e-05
   3.7988099e-05
   3.6667877e-05
   3.6184823e-05
   3.4828497e-05
   3.1706627e-05
   2.8843786e-05
   2.7381501e-05
   2.6047809e-05
   1.3502542e-05
   8.8780333e-06
   6.5954384e-06
   6.1635527e-06
   6.1635527e-06
   6.1635527e-06
   5.6962030e-06
   4.9318383e-06
   3.7657868e-06
   2.9622050e-06
   1.7943078e-06
   1.7943078e-06
   1.2429529e-06
   1.0530648e-06
   1.0530648e-06
   1.0241262e-06
   9.6931024e-07
   9.5780975e-07
   9.5738347e-07
   8.1753436e-07
   6.7986284e-07
   5.9016051e-07
   2.2759725e-07
   1.2703825e-07
   5.5054712e-08
   5.5054712e-08
   4.1517180e-08
   2.0591399e-08
   2.0591399e-08
   1.9028885e-08
   1.3766207e-08
   9.8799505e-09
   9.5692886e-09
   7.9455143e-09
   6.4105611e-09
   6.1944487e-09
   5.1028634e-09
   4.7535815e-09
   3.6531209e-09
   3.2962705e-09
   2.4583642e-09
   1.8683184e-09
   1.7301898e-09
   1.7261608e-09
   6.2977734e-10
   4.9004913e-10
   4.0008266e-10
   2.7954652e-10
   2.2897707e-10
   1.7622568e-10
   1.7622568e-10
   1.4268763e-10
   8.0334810e-11
   6.8078849e-11
   6.8078849e-11
   4.8706129e-11
   4.3374393e-11
   3.0367336e-11
   1.3638730e-11
   8.3540431e-12
   8.3011780e-12
   8.3011780e-12
   7.7633898e-12
   7.6553389e-12
   7.5452431e-12
   5.6594749e-12
   1.1529195e-12
   1.1529195e-12
   7.2267479e-13
   6.3346816e-13
   6.3346816e-13
   1.5155093e-13
   1.5155093e-13
   1.5155093e-13
   1.2253000e-13
   8.7227080e-14
   6.3803736e-14
   5.4391411e-14
   4.2743442e-14
   3.8222642e-14
