   2.9145551e+02
   2.8863728e+02
   2.2883771e+02
   1.5395687e+02
   1.5394851e+02
   1.5358012e+02
   1.5358012e+02
   1.5358012e+02
   1.5358012e+02
   1.5358012e+02
   1.5354998e+02
   1.5331716e+02
   1.5293073e+02
   1.5123868e+02
   1.5118406e+02
   1.4924789e+02
   1.4895778e+02
   1.4895778e+02
   1.4849583e+02
   1.4583150e+02
   1.2851490e+02
   4.4575088e+01
   4.4575088e+01
   4.4575088e+01
   4.4575088e+01
   4.4575088e+01
   4.3901968e+01
   4.3901968e+01
   4.3901968e+01
   4.1810084e+01
   4.1810084e+01
   4.1810084e+01
   4.1721205e+01
   4.1493914e+01
   4.1493914e+01
   4.1493914e+01
   4.1493914e+01
   4.1493914e+01
   4.1493914e+01
   4.1493914e+01
   4.1454043e+01
   4.0741324e+01
   3.9448925e+01
   3.9231730e+01
   3.4531491e+01
   1.7076289e+01
   1.4718247e+01
   9.7877749e+00
   9.7877749e+00
   9.7877749e+00
   9.7877749e+00
   9.7877749e+00
   9.7877749e+00
   9.7877749e+00
   9.7877749e+00
   9.5732722e+00
   8.6615763e+00
   8.6615763e+00
   8.6615763e+00
   8.6615763e+00
   8.6615763e+00
   8.6615763e+00
   8.6399277e+00
   8.5358714e+00
   8.5358714e+00
   8.3017375e+00
   8.3017375e+00
   8.1639629e+00
   8.1006190e+00
   8.1006190e+00
   7.9082895e+00
   7.9082895e+00
   7.9082895e+00
   7.9082895e+00
   7.8496467e+00
   7.8496467e+00
   7.6043294e+00
   7.3367849e+00
   7.2424271e+00
   6.7100007e+00
   6.6707425e+00
   6.6707425e+00
   5.8587455e+00
   5.8587455e+00
   5.8587455e+00
   5.8587455e+00
   5.8587455e+00
   5.8501749e+00
   5.8501749e+00
   5.8501749e+00
   5.8501749e+00
   5.8225549e+00
   5.8009663e+00
   5.7820124e+00
   5.7820124e+00
   5.7820124e+00
   5.7820124e+00
   5.7607321e+00
   5.7607321e+00
   5.7561827e+00
   5.7561827e+00
   5.7559246e+00
   5.7559246e+00
   5.7559246e+00
   5.7539887e+00
   5.7539887e+00
   5.7539887e+00
   5.7539887e+00
   5.7539887e+00
   5.7532716e+00
   5.7524124e+00
   5.7514806e+00
   5.7514806e+00
   5.7514806e+00
   5.7502991e+00
   5.7468811e+00
   5.7377110e+00
   5.7359152e+00
   5.7338311e+00
   5.7338311e+00
   5.7338311e+00
   5.7290522e+00
   5.7285256e+00
   5.7229205e+00
   5.7131379e+00
   5.7094838e+00
   5.7087831e+00
   5.7037579e+00
   5.7037579e+00
   5.7037579e+00
   5.7036848e+00
   5.7036848e+00
   5.7036848e+00
   5.7035873e+00
   5.7035004e+00
   5.7035004e+00
   5.7035004e+00
   5.7032813e+00
   5.7032813e+00
   5.7028638e+00
   5.7028521e+00
   5.7027347e+00
   5.7027347e+00
   5.7027347e+00
   5.7025778e+00
   5.7025778e+00
   5.7024819e+00
   5.7024414e+00
   5.7024414e+00
   5.7024271e+00
   5.7024056e+00
   5.7022454e+00
   5.7020628e+00
   5.7020628e+00
   5.7017855e+00
   5.7017855e+00
   5.7016355e+00
   5.7016154e+00
   5.7016154e+00
   5.7014827e+00
   5.7014744e+00
   5.7014664e+00
   5.7014390e+00
   5.7014382e+00
   5.7014203e+00
   5.7013864e+00
   5.7013172e+00
   5.7012484e+00
   5.7012007e+00
   5.7010591e+00
   5.7008596e+00
   5.7008410e+00
   5.7006919e+00
   5.7006583e+00
   5.7006560e+00
   5.7006264e+00
   5.7006213e+00
   5.7006205e+00
   5.7006204e+00
   5.7006204e+00
   5.7006204e+00
   5.7006203e+00
   5.7006200e+00
   5.7006199e+00
   5.7006199e+00
   5.7006199e+00
   5.7006186e+00
   5.7006182e+00
   5.7006134e+00
   5.7006095e+00
   5.7006089e+00
   5.7006088e+00
   5.7006088e+00
   5.7006088e+00
   5.7006088e+00
   5.7006088e+00
   5.7006087e+00
   5.7006087e+00
   5.7006087e+00
   5.7006087e+00
   5.7006086e+00
   5.7006086e+00
   5.7006086e+00
   5.7006086e+00
   5.7006085e+00
   5.7006085e+00
   5.7006085e+00
   5.7006085e+00
   5.7006085e+00
   5.7006085e+00
   5.7006085e+00
   5.7006085e+00
   5.7006085e+00
   5.7006085e+00
   5.7006085e+00
   5.7006085e+00
   5.7006085e+00
   5.7006085e+00
   5.7006085e+00
   5.7006085e+00
   5.7006085e+00
   5.7006085e+00
   5.7006085e+00
   5.7006085e+00
   5.7006085e+00
   5.7006085e+00
   5.7006085e+00
   5.7006085e+00
   5.7006085e+00
   5.7006085e+00
   5.7006085e+00
   5.7006085e+00
   5.7006085e+00
   5.7006085e+00
   5.7006085e+00
   5.7006085e+00
   5.7006085e+00
   5.7006085e+00
   5.7006085e+00
   5.7006085e+00
   5.7006085e+00
   5.7006085e+00
   5.7006085e+00
   5.7006085e+00
   5.7006085e+00
   5.7006085e+00
   5.7006085e+00
   5.7006085e+00
   5.7006085e+00
   5.7006085e+00
   5.7006085e+00
   5.7006085e+00
   5.7006085e+00
   5.7006085e+00
   5.7006085e+00
   5.7006085e+00
   5.7006085e+00
   5.7006085e+00
   5.7006085e+00
   5.7006085e+00
   5.7006085e+00
   5.7006085e+00
   5.7006085e+00
   5.7006085e+00
   5.7006085e+00
   5.7006085e+00
   5.7006085e+00
   5.7006085e+00
   5.7006085e+00
   5.7006085e+00
   5.7006085e+00
   5.7006085e+00
   5.7006085e+00
   5.7006085e+00
   5.7006085e+00
   5.7006085e+00
   5.7006085e+00
   5.7006085e+00
   5.7006085e+00
   5.7006085e+00
   5.7006085e+00
   5.7006085e+00
   5.7006085e+00
   5.7006085e+00
   5.7006085e+00
   5.7006085e+00
   5.7006085e+00
   5.7006085e+00
   5.7006085e+00
   5.7006085e+00
   5.7006085e+00
   5.7006085e+00
   5.7006085e+00
   5.7006085e+00
   5.7006085e+00
   5.7006085e+00
   5.7006085e+00
   5.7006085e+00
   5.7006085e+00
   5.7006085e+00
