   2.8997442e+02
   1.8906688e+02
   1.5218274e+02
   1.5218274e+02
   1.5218274e+02
   1.5218274e+02
   1.5218274e+02
   1.5216554e+02
   1.5216554e+02
   1.5216554e+02
   1.5216330e+02
   1.5212435e+02
   1.5210829e+02
   1.5209163e+02
   1.5204078e+02
   1.5203630e+02
   1.5200212e+02
   1.5200212e+02
   1.5196756e+02
   1.5196756e+02
   1.5196756e+02
   1.5193854e+02
   1.5192481e+02
   1.5192481e+02
   1.5171651e+02
   1.5168168e+02
   1.5123153e+02
   1.5123153e+02
   1.5088325e+02
   1.4973149e+02
   1.4598350e+02
   1.3874590e+02
   6.3071094e+01
   5.6490176e+01
   5.5051297e+01
   4.4884899e+01
   4.4884899e+01
   4.2926223e+01
   4.2926223e+01
   4.2926223e+01
   4.2926223e+01
   4.2926223e+01
   4.2926223e+01
   3.9157261e+01
   2.7817446e+01
   2.7297961e+01
   2.4806379e+01
   2.4806379e+01
   2.0766288e+01
   1.9841872e+01
   1.4362881e+01
   1.4362881e+01
   6.5623984e+00
   6.5623984e+00
   6.5623984e+00
   4.3631860e+00
   4.3631860e+00
   4.1092745e+00
   4.1092745e+00
   4.1092745e+00
   4.1092745e+00
   3.4941954e+00
   2.8214699e+00
   2.7335656e+00
   2.7335656e+00
   2.7335656e+00
   2.7335656e+00
   2.0006124e+00
   1.7841360e+00
   1.7841360e+00
   1.7841360e+00
   1.7841360e+00
   1.7182506e+00
   1.7182506e+00
   1.7182506e+00
   1.7182506e+00
   1.4018893e+00
   1.4018893e+00
   1.4018893e+00
   1.1692813e+00
   1.1692813e+00
   1.1692813e+00
   1.1692813e+00
   1.1692813e+00
   1.1692813e+00
   1.1692813e+00
   9.7531120e-01
   4.9981286e-01
   4.9981286e-01
   4.2698186e-01
   4.2698186e-01
   4.2698186e-01
   4.2698186e-01
   3.6765684e-01
   3.6765684e-01
   3.6765684e-01
   3.3631270e-01
   2.4956942e-01
   2.4956942e-01
   2.4956942e-01
   2.4956942e-01
   2.4956942e-01
   2.4841307e-01
   2.1117091e-01
   2.1117091e-01
   2.1117091e-01
   1.9639773e-01
   1.9639773e-01
   1.7164373e-01
   1.7164373e-01
   1.7164373e-01
   1.6757169e-01
   1.6757169e-01
   1.6117749e-01
   1.5756026e-01
   1.5031617e-01
   1.2769151e-01
   1.1000765e-01
   8.7798531e-02
   7.1074617e-02
   6.6313998e-02
   6.5674485e-02
   6.5674485e-02
   6.3532660e-02
   6.3532660e-02
   6.3532660e-02
   6.3532660e-02
   6.3265214e-02
   6.3265214e-02
   6.3265214e-02
   6.3265214e-02
   5.8593976e-02
   5.6802309e-02
   5.0377139e-02
   4.9736493e-02
   4.7041823e-02
   4.3018380e-02
   4.2318210e-02
   4.1780872e-02
   4.1780872e-02
   4.0641680e-02
   4.0067398e-02
   3.8907811e-02
   3.8189887e-02
   3.5719052e-02
   3.5318037e-02
   3.5318037e-02
   3.4535373e-02
   3.0128047e-02
   2.8702325e-02
   2.5577144e-02
   2.4195120e-02
   2.4092026e-02
   1.8702848e-02
   1.7009273e-02
   1.3896826e-02
   1.3896826e-02
   1.3896826e-02
   1.3896826e-02
   1.3050508e-02
   1.1239291e-02
   1.0021461e-02
   8.0698180e-03
   8.0698180e-03
   7.7372208e-03
   7.7372208e-03
   7.4263146e-03
   7.4263146e-03
   5.7894598e-03
   5.0527759e-03
   4.7286558e-03
   4.5863433e-03
   3.7853635e-03
   3.7853635e-03
   3.0816638e-03
   3.0816638e-03
   2.7377221e-03
   2.7377221e-03
   2.6409329e-03
   2.2158151e-03
   2.0867958e-03
   2.0867958e-03
   1.8886718e-03
   1.8084358e-03
   1.7416720e-03
   1.7305572e-03
   1.6137221e-03
   1.5649118e-03
   1.3307397e-03
   1.2829737e-03
   1.2579472e-03
   1.2579472e-03
   1.2213721e-03
   1.1540875e-03
   1.1244732e-03
   9.9850657e-04
   9.2290453e-04
   9.0275788e-04
   8.1095428e-04
   7.0219734e-04
   7.0219734e-04
   6.9965001e-04
   6.9592218e-04
   6.7538192e-04
   6.4692439e-04
   6.1294726e-04
   6.0011554e-04
   5.0793624e-04
   4.9165549e-04
   4.8273641e-04
   4.3351887e-04
   3.9304142e-04
   3.6171733e-04
   3.5706149e-04
   3.5706149e-04
   3.4240216e-04
   3.0179296e-04
   2.2346197e-04
   1.8965190e-04
   1.8965190e-04
   1.8965190e-04
   1.8965190e-04
   1.8659788e-04
   1.8566566e-04
   1.8509980e-04
   1.7848797e-04
   1.7290370e-04
   1.7248599e-04
   1.5629041e-04
   1.5191741e-04
   1.4693235e-04
   1.4649054e-04
   1.3982128e-04
   1.3217845e-04
   1.1789557e-04
   1.1673291e-04
   1.1384244e-04
   1.0980722e-04
   1.0771905e-04
   1.0481370e-04
   8.8204321e-05
   7.7263162e-05
   7.4766712e-05
   7.2237911e-05
   7.2237911e-05
   7.2184562e-05
   7.1542951e-05
   7.1175632e-05
   6.9417650e-05
   6.7215277e-05
   6.3031894e-05
   6.0364526e-05
   5.9427657e-05
   5.6353231e-05
   5.4475923e-05
   5.0110593e-05
   4.5028429e-05
   4.2772775e-05
   3.8436571e-05
   3.6392424e-05
   3.2675018e-05
   2.7451606e-05
   2.6850333e-05
   2.6850333e-05
   2.5767662e-05
   2.5672705e-05
   2.5672705e-05
   2.4128841e-05
   2.4128841e-05
   2.3685163e-05
   2.3075114e-05
   2.1846551e-05
   1.9257777e-05
   1.8174600e-05
   1.6159586e-05
   1.4721357e-05
   1.3782050e-05
   1.3095494e-05
   1.1290397e-05
   1.1204498e-05
   1.1194708e-05
   1.0832844e-05
   1.0573652e-05
   1.0055999e-05
   1.0012716e-05
   9.8285457e-06
   9.6977255e-06
   9.5457875e-06
   9.2780606e-06
   9.1766419e-06
   9.1666091e-06
   9.0318405e-06
   8.7062525e-06
   8.5322359e-06
   8.2826353e-06
   7.9568851e-06
   7.8611212e-06
   7.7022207e-06
   7.5606637e-06
   7.5257921e-06
