   3.0176115e+02
   2.8726486e+02
   1.5293305e+02
   1.5255083e+02
   1.5255083e+02
   1.5255083e+02
   1.5255083e+02
   1.5255083e+02
   1.5255083e+02
   1.5255083e+02
   1.5240498e+02
   1.5234893e+02
   1.5215251e+02
   1.5133436e+02
   1.4997090e+02
   1.4980881e+02
   1.4558880e+02
   1.4558880e+02
   1.3685040e+02
   1.1256316e+02
   6.3261893e+01
   5.6503679e+01
   5.5966274e+01
   5.5899773e+01
   5.5899773e+01
   5.3827952e+01
   4.6609081e+01
   4.5479739e+01
   3.9983282e+01
   3.9983282e+01
   3.0632091e+01
   3.0632091e+01
   3.0632091e+01
   3.0632091e+01
   3.0404645e+01
   3.0404645e+01
   2.9161402e+01
   2.5218820e+01
   2.0087597e+01
   2.0087597e+01
   2.0087597e+01
   2.0087597e+01
   2.0087597e+01
   2.0087597e+01
   2.0087597e+01
   2.0087597e+01
   2.0087597e+01
   2.0087597e+01
   1.9658696e+01
   1.9658696e+01
   1.9658696e+01
   1.9658696e+01
   1.9658696e+01
   1.9658696e+01
   1.9658696e+01
   1.9658696e+01
   1.9658696e+01
   1.9658696e+01
   1.8809845e+01
   1.5916637e+01
   1.4784521e+01
   1.4784521e+01
   1.1008073e+01
   1.1008073e+01
   1.1008073e+01
   1.1008073e+01
   1.1008073e+01
   9.0660573e+00
   9.0660573e+00
   9.0660573e+00
   9.0660573e+00
   8.5197122e+00
   8.5197122e+00
   8.5197122e+00
   8.5197122e+00
   8.5197122e+00
   8.4447495e+00
   8.4447495e+00
   8.1558025e+00
   8.1558025e+00
   8.1558025e+00
   8.1558025e+00
   8.0262914e+00
   8.0262914e+00
   8.0262914e+00
   8.0262914e+00
   8.0262914e+00
   7.8518967e+00
   7.5823150e+00
   7.5823150e+00
   7.2068416e+00
   6.7775112e+00
   6.7775112e+00
   6.5924223e+00
   6.5924223e+00
   6.5924223e+00
   6.5924223e+00
   6.5924223e+00
   6.5924223e+00
   6.4628532e+00
   6.4628532e+00
   6.4628532e+00
   6.2529691e+00
   6.2529691e+00
   6.1747045e+00
   6.1747045e+00
   6.1598421e+00
   6.1598421e+00
   6.1598421e+00
   6.0282325e+00
   6.0282325e+00
   6.0139175e+00
   5.9948964e+00
   5.9948964e+00
   5.9948964e+00
   5.9948964e+00
   5.9948964e+00
   5.9948964e+00
   5.9831821e+00
   5.9735850e+00
   5.9735850e+00
   5.9735850e+00
   5.9735850e+00
   5.9735850e+00
   5.9735850e+00
   5.9735850e+00
   5.9672741e+00
   5.9646994e+00
   5.9642323e+00
   5.9626108e+00
   5.9626108e+00
   5.9626108e+00
   5.9615519e+00
   5.9611219e+00
   5.9553596e+00
   5.9553596e+00
   5.9548904e+00
   5.9548904e+00
   5.9548904e+00
   5.9548904e+00
   5.9547749e+00
   5.9545353e+00
   5.9545353e+00
   5.9544634e+00
   5.9544634e+00
   5.9544634e+00
   5.9543683e+00
   5.9541075e+00
   5.9536417e+00
   5.9536417e+00
   5.9533968e+00
   5.9532381e+00
   5.9532160e+00
   5.9532160e+00
   5.9530404e+00
   5.9530404e+00
   5.9530368e+00
   5.9529715e+00
   5.9529390e+00
   5.9529280e+00
   5.9529280e+00
   5.9529242e+00
   5.9529242e+00
   5.9529167e+00
   5.9529094e+00
   5.9528804e+00
   5.9528760e+00
   5.9528750e+00
   5.9528703e+00
   5.9528703e+00
   5.9528678e+00
   5.9528659e+00
   5.9528647e+00
   5.9528530e+00
   5.9528455e+00
   5.9528455e+00
   5.9528455e+00
   5.9528455e+00
   5.9528397e+00
   5.9528386e+00
   5.9528386e+00
   5.9528386e+00
   5.9528385e+00
   5.9528381e+00
   5.9528381e+00
   5.9528381e+00
   5.9528381e+00
   5.9528381e+00
   5.9528381e+00
   5.9528381e+00
   5.9528381e+00
   5.9528381e+00
   5.9528380e+00
   5.9528380e+00
   5.9528380e+00
   5.9528380e+00
   5.9528380e+00
   5.9528380e+00
   5.9528380e+00
   5.9528380e+00
   5.9528380e+00
   5.9528380e+00
   5.9528380e+00
   5.9528380e+00
   5.9528380e+00
   5.9528380e+00
   5.9528380e+00
   5.9528380e+00
   5.9528380e+00
   5.9528380e+00
   5.9528380e+00
   5.9528380e+00
   5.9528380e+00
   5.9528380e+00
   5.9528380e+00
   5.9528380e+00
   5.9528380e+00
   5.9528380e+00
   5.9528380e+00
   5.9528380e+00
   5.9528380e+00
   5.9528380e+00
   5.9528380e+00
   5.9528380e+00
   5.9528380e+00
   5.9528380e+00
   5.9528380e+00
   5.9528380e+00
   5.9528380e+00
   5.9528380e+00
   5.9528380e+00
   5.9528380e+00
   5.9528380e+00
   5.9528380e+00
   5.9528380e+00
   5.9528380e+00
   5.9528380e+00
   5.9528380e+00
   5.9528380e+00
   5.9528380e+00
   5.9528380e+00
   5.9528380e+00
   5.9528380e+00
   5.9528380e+00
   5.9528380e+00
   5.9528380e+00
   5.9528380e+00
   5.9528380e+00
   5.9528380e+00
   5.9528380e+00
   5.9528380e+00
   5.9528380e+00
   5.9528380e+00
   5.9528380e+00
   5.9528380e+00
   5.9528380e+00
   5.9528380e+00
   5.9528380e+00
   5.9528380e+00
   5.9528380e+00
   5.9528380e+00
   5.9528380e+00
   5.9528380e+00
   5.9528380e+00
   5.9528380e+00
   5.9528380e+00
   5.9528380e+00
   5.9528380e+00
   5.9528380e+00
   5.9528380e+00
   5.9528380e+00
   5.9528380e+00
   5.9528380e+00
   5.9528380e+00
   5.9528380e+00
   5.9528380e+00
   5.9528380e+00
   5.9528380e+00
   5.9528380e+00
   5.9528380e+00
   5.9528380e+00
   5.9528380e+00
   5.9528380e+00
   5.9528380e+00
   5.9528380e+00
   5.9528380e+00
   5.9528380e+00
   5.9528380e+00
   5.9528380e+00
   5.9528380e+00
   5.9528380e+00
   5.9528380e+00
   5.9528380e+00
   5.9528380e+00
   5.9528380e+00
   5.9528380e+00
   5.9528380e+00
   5.9528380e+00
   5.9528380e+00
   5.9528380e+00
